100, 0, 100;     200, 0, 100;     200, 300, 100;     100, 300, 100;
100, 0, 100;     100, 0, 500;     100, 300, 500;     100, 300, 100;
200, 0, 100;     200, 0, 500;     200, 300, 500;     200, 300, 100;
100, 0, 500;     200, 0, 500;     200, 300, 500;     100, 300, 500;
100, 0, 600;      200, 0, 600;      200, 600, 600;     100, 600, 600;
100, 0, 700;      200, 0, 700;      200, 600, 700;     100, 600, 700;
100, 0, 600;      100, 0, 700;      100, 600, 700;     100, 600, 600;
200, 0, 600;      200, 0, 700;      200, 600, 700;     200, 600, 600;
-50, 0, 100;      50, 0, 100;       50, 0, 700;     -50, 0, 700;
1, 0, 100;        1, 0, 150;
0, 0, 200;        0, 0, 250;
0, 0, 300;        0, 0, 350;
0, 0, 400;        0, 0, 450;
0, 0, 500;        0, 0, 550;
0, 0, 600;        0, 0, 650;
-100, 0, 100;     -200, 0, 100;     -200, 100, 100;     -100, 100, 100;
-100, 0, 100;     -100, 0, 200;     -100, 100, 200;     -100, 100, 100;
-200, 0, 100;     -200, 0, 200;     -200, 100, 200;     -200, 100, 100;
-100, 0, 200;     -200, 0, 200;     -200, 100, 200;     -100, 100, 200;
-100, 0, 300;     -200, 0, 300;     -200, 200, 300;     -100, 200, 300;
-100, 0, 300;     -100, 0, 500;     -100, 200, 500;     -100, 200, 300;
-200, 0, 300;     -200, 0, 500;     -200, 200, 500;     -200, 200, 300;
-100, 0, 500;     -200, 0, 500;     -200, 200, 500;     -100, 200, 500;