FRONT
200, 0, 100;    200, 100, 100;  150, 100, 100;
200, 0, 100;    100, 0, 100;    150, 100, 100;
100, 0, 100;    150, 100, 100;  100, 100, 100;


RIGHT
100, 0, 100;    100, 100, 100;  100, 100, 150;
100, 0, 100;    100, 100, 150;  100, 0, 150;
100, 100, 150;  100, 0, 150;    100, 100, 200;

LEFT
200, 0, 100;    200, 100, 100;  200, 100, 150;
200, 0, 100;    200, 100, 150;  200, 0, 150;
200, 100, 150;  200, 0, 150;    200, 100, 200;



BACK
200, 0, 200;    200, 100, 200;  150, 100, 200;
200, 0, 200;    100, 0, 200;    150, 100, 200;
100, 0, 200;    150, 100, 200;  100, 100, 200;
